quadcopter: {
  Ixx: 0.0347563 , 
  Ixy: 0.0, 
  Ixz: 0.0, 
  Iyy: 0.0458929, 
  Iyz: 0.0, 
  Izz: 0.0977,
  mass: 1.075,
  g: 9.8066}

mpc: {
  Q : [10, 10, 10, 10, 10, 10, 0.0, 0.0, 0.0, 0.0, 0.0, 0.0],
  R : [0.1, 1, 1, 1],
  Qn_mult : 100,
  ulb : [0.0, -1.5, -1.5, -0.75],
  uub : [30, 1.5, 1.5, 0.75],
  xlb : [-2, -1, 0, -3, -3, -3, -1.5, -1.5, -0.75, -0.5235, -0.5235,  -3.14159],
  xub : [2, 1, 10, 3, 3, 3, 1.5, 1.5, 0.75, 0.5235, 0.5235, 3.14159],
  # xlb : [0, -0.10, 0, -3, -3, -3, -1.5, -1.5, -0.75, -0.5235, -0.5235,  -3.14159],
  # xub : [0, 0.10, 10, 3, 3, 3, 1.5, 1.5, 0.75, 0.5235, 0.5235, 3.14159],
  xt : [0.0, 0.0, 0.0, 0.0, 0.0, 0.0, 0.0, 0.0, 0.0, 0.0, 0.0, 0.0]
}